00004
00010
00018
00039
00061
00068
00111
00129
00177
00180
00227
00238
00269
00290
00303
00326
00329
00346
00347
00357
00364
00373
00400
00402
00403
00404
00493
00534
00546
00548
00553
00556
00561
00565
00567
00578
00581
00582
00586
00587
00589
00596
00598
00612
00623
00702
00731
00760
00778
00793
00823
00837
00843
00844
00861
00866
00874
00876
00880
00883
00888
00889
00891
00902
00932
00937
00942
01033
01043
01057
01151
01163
01164
01166
01170
01208
01213
01242
01314
01324
01328
01380
01386
01413
01415
01416
01418
01436
01450
01469
01491
01500
01564
01567
01581
01591
01600
01601
01602
01603
01620
01638
01643
01649
01675
01683
01695
01698
01701
01705
01706
01709
01737
01745
01750
01780
01794
01932
01937
01940
01951
01959
01973
01978
01987
02052
02053
02071
02081
02084
02090
02092
02095
02108
02109
02124
02133
02153
02167
02171
02175
02183
02189
02193
02194
02213
02223
02224
02240
02243
02249
02272
02279
02290
02292
02296
02298
02300
02312
02336
02346
02356
02367
02386
02416
02424
02437
02452
02459
02528
02529
02530
02545
02547
02559
02569
02614
02620
02621
02652
02653
02662
02668
02669
02682
02685
02694
02698
02716
02719
02720
02727
02728
02742
02755
02769
02773
02797
02839
02856
02891
02935
02972
02973
02986
02999
03001
03006
03009
03011
03016
03020
03029
03036
03039
03044
03047
03048
03051
03055
03056
03057
03058
03097
03100
03101
03102
03107
03116
03120
03163
03164
03165
03167
03198
03200
03209
03224
03237
03252
03254
03256
03302
03306
03308
03313
03326
03327
03334
03338
03342
03350
03355
03357
03371
03372
03384
03387
03388
03395
03403
03404
03407
03411
03413
03414
03415
03416
03417
03419
03427
03431
03432
03433
03439
03440
03446
03470
03481
03501
03503
03508
03523
03525
03528
03532
03533
03534
03558
03570
03578
03589
03590
03606
03607
03608
03611
03622
03629
03631
03637
03641
03642
03647
03661
03667
03670
03673
03682
03687
03688
03692
03699
03700
03711
03712
03724
03725
03726
03735
03738
03761
03770
03777
03779
03780
03784
03796
03816
03818
03831
03837
03839
03845
03848
03850
03863
03870
03872
03879
03884
03890
03891
03897
03906
03908
03912
03915
03919
03924
03935
03950
03951
03961
03986
04014
04016
04022
04033
04041
04055
04076
04077
04080
04088
04091
04099
04126
04131
04134
04139
04144
04159
04166
04171
04172
04174
04180
04181
04187
04191
04193
04199
04204
04213
04222
04223
04225
04227
04230
04241
04250
04260
04266
04272
04273
04276
04277
04283
04304
04305
04309
04321
04329
04335
04338
04344
04346
04362
04365
04367
04382
04386
04387
04392
04394
04397
04409
04411
04413
04417
04422
04423
04425
04434
04436
04445
04456
04464
04470
04479
04490
04491
04510
04541
04548
04552
04557
04561
04566
04587
04593
04623
04642
04657
04664
04665
04677
04686
04691
04713
04731
04778
04796
04803
04807
04808
04812
04817
04826
04836
04854
04858
04877
04898
04902
04908
04910
04924
04927
04934
04952
04958
04962
04987
04994
04998
05015
05049
05053
05057
05060
05087
05104
05109
05115
05124
05135
05140
05155
05174
05176
05181
05238
05239
05241
05244
05255
05257
05258
05275
05302
05308
05310
05319
05321
05322
05338
05343
05350
05351
05352
05357
05366
05371
05380
05389
05398
05408
05411
05431
05434
05438
05440
05447
05453
05471
05477
05502
05509
05513
05517
05532
05536
05538
05541
05561
05578
05585
05597
05605
05608
05611
05627
05642
05644
05646
05654
05659
05675
05693
05694
05696
05697
05704
05708
05709
05717
05724
05744
05747
05750
05756
05762
05790
05795
05798
05812
05819
05827
05839
05842
05865
05872
05883
05917
05949
05958
05960
05961
05967
05969
05978
05984
05991
05992
05994
05998
06000
06013
06015
06020
06022
06035
06039
06040
06041
06044
06051
06059
06060
06061
06065
06067
06073
06074
06079
06080
06083
06087
06090
06097
06099
06115
06119
06124
06125
06130
06131
06133
06135
06136
06139
06140
06141
06144
06151
06165
06166
06173
06179
06191
06201
06206
06208
06209
06232
06234
06245
06247
06254
06265
06268
06269
06270
06273
06276
06287
06298
06304
06306
06307
06314
06332
06333
06350
06351
06355
06364
06370
06376
06378
06384
06387
06388
06392
06398
06403
06408
06412
06419
06423
06432
06470
06473
06475
06477
06491
06505
06525
06529
06537
06539
06546
06547
06548
06549
06550
06552
06553
06554
06555
06556
06557
06558
06563
06564
06565
06566
06567
06570
06572
06573
06574
06575
06576
06577
06578
06580
06590
06625
06650
06655
06718
06724
06727
06728
06730
06747
06750
06762
06769
06771
06773
06775
06794
06796
06804
06805
06807
06814
06818
06823
06826
06830
06832
06837
06838
06841
06842
06844
06845
06852
06859
06860
06868
06873
06874
06878
06879
06883
06886
06893
06897
06901
06902
06903
06904
06905
06906
06907
06908
06909
06910
06911
06912
06913
06914
06915
06916
06917
06918
06921
06922
06923
06924
06925
06926
06927
06929
06930
06932
06933
06934
06935
06936
06937
06938
06939
06940
06941
06942
06943
06944
06945
06946
06947
06948
06949
06950
06951
06952
06953
06954
06955
06956
06957
06958
06959
06960
06961
06962
06963
06964
06965
06966
06967
06968
06969
06970
06971
06972
06973
06974
06976
06977
06978
06998
07726
07771
07780
07815
07816
07839
07842
