2874
2876
2889
3342
3602
3698
3709
3712
3759
4001
5315
5317
5319
5321
2854
3302
3307
3338
3368
4026
4073
4084
4091
4099
2885
3337
3354
3367
3369
4012
4046
4048
4096
4169
5604
5690
5924
6243
6299
2868
3683
3719
4005
4019
4033
4432
5225
5698
5699
5700
5701
5711
6164
20
307
347
363
894
2066
2088
2344
4546
2
7
8
27
46
117
177
324
2074
4395
5750
9801
3
5
21
30
359
384
598
2082
3887
3954
5756
9
13
110
300
316
326
331
349
2091
2092
2093
3845
4905
5625
6067
29
315
319
371
379
2090
2308
2346
3953
4904
6000
9817
49
92
135
327
339
361
426
2305
2307
2323
2357
3951
4901
54
78
191
209
355
399
437
2053
2312
2335
2364
2371
6066
45
94
232
335
2052
2098
2298
2310
4433
5421